[gd_scene load_steps=7 format=2]

[ext_resource path="res://2.gd" type="Script" id=1]
[ext_resource path="res://Platforms/BlockLarge.tscn" type="PackedScene" id=2]
[ext_resource path="res://Platforms/Player.tscn" type="PackedScene" id=3]

[sub_resource type="SpatialMaterial" id=1]
albedo_color = Color( 0.301961, 0.662745, 0.203922, 1 )

[sub_resource type="PlaneMesh" id=2]
material = SubResource( 1 )
size = Vector2( 50, 50 )

[sub_resource type="ConvexPolygonShape" id=3]
points = PoolVector3Array( 25, 0, 25, -25, 0, 25, 25, 0, -25, -25, 0, -25 )

[node name="Spatial" type="Spatial"]
script = ExtResource( 1 )

[node name="Ground" type="StaticBody" parent="."]
editor/display_folded = true

[node name="MeshInstance" type="MeshInstance" parent="Ground"]
mesh = SubResource( 2 )
material/0 = null

[node name="CollisionShape" type="CollisionShape" parent="Ground"]
shape = SubResource( 3 )

[node name="CamHub" type="Spatial" parent="."]

[node name="Camera" type="Camera" parent="CamHub"]
transform = Transform( 1, 0, 0, 0, 0.886597, 0.462543, 0, -0.462543, 0.886597, 0, 3.00899, 6.7982 )

[node name="DirectionalLight" type="DirectionalLight" parent="."]
transform = Transform( 1, 0, 0, 0, 0.827941, 0.560815, 0, -0.560815, 0.827941, 0, 4.36428, 0 )
shadow_enabled = true

[node name="BlockLarge" parent="." instance=ExtResource( 2 )]

[node name="BlockLarge2" parent="." instance=ExtResource( 2 )]
transform = Transform( 1, 0, 0, 0, 1, 0, 0, 0, 1, 0, 0, 2 )

[node name="BlockLarge3" parent="." instance=ExtResource( 2 )]
transform = Transform( 1, 0, 0, 0, 1, 0, 0, 0, 1, 0, 0.5, 3 )

[node name="BlockLarge4" parent="." instance=ExtResource( 2 )]
transform = Transform( 1, 0, 0, 0, 1, 0, 0, 0, 1, 0, 0.5, 4.5 )

[node name="BlockLarge5" parent="." instance=ExtResource( 2 )]
transform = Transform( 1, 0, 0, 0, 1, 0, 0, 0, 1, -1.5, 0.5, 4.5 )

[node name="BlockLarge6" parent="." instance=ExtResource( 2 )]
transform = Transform( 1, 0, 0, 0, 0.939693, -0.34202, 0, 0.34202, 0.939693, -1.5, 0.5, 3 )

[node name="BlockLarge7" parent="." instance=ExtResource( 2 )]
transform = Transform( 1, 0, 0, 0, 0.939693, -0.34202, 0, 0.34202, 0.939693, -3.5, 0.5, 3 )

[node name="BlockLarge8" parent="." instance=ExtResource( 2 )]
transform = Transform( 1, 0, 0, 0, 0.939693, -0.34202, 0, 0.34202, 0.939693, -5.5, 0.5, 3 )

[node name="BlockLarge9" parent="." instance=ExtResource( 2 )]
transform = Transform( 1, 0, 0, 0, 0.984808, 0.173648, 0, -0.173648, 0.984808, -7, 0.5, 3 )

[node name="BlockLarge10" parent="." instance=ExtResource( 2 )]
transform = Transform( 1, 0, 0, 0, 0.984808, 0.173648, 0, -0.173648, 0.984808, -7, 0, 1 )

[node name="BlockLarge11" parent="." instance=ExtResource( 2 )]
transform = Transform( 1, 0, 0, 0, 0.984808, 0.173648, 0, -0.173648, 0.984808, -5, 0, 1 )

[node name="BlockLarge12" parent="." instance=ExtResource( 2 )]
transform = Transform( 0.939693, -0.336824, -0.0593912, 0.34202, 0.925417, 0.163176, 0, -0.173648, 0.984808, -3.5, 0, 1 )

[node name="BlockLarge13" parent="." instance=ExtResource( 2 )]
transform = Transform( 0.939693, -0.336824, -0.0593912, 0.34202, 0.925417, 0.163176, 0, -0.173648, 0.984808, -2, 0.5, 1 )

[node name="Player" parent="." instance=ExtResource( 3 )]
transform = Transform( 1, 0, 0, 0, 1, 0, 0, 0, 1, 3, 1.5, 0 )
